0.513864 -0.963058
0.49147 -1.22776
0.456665 -1.3437
0.403999 -1.29858
0.346493 -1.37269
0.319776 -1.24774
0.160979 -1.25478
0.00917992 -1.20661
-0.0445662 -1.07444
-0.0483863 -0.959695
0.0553557 -1.02009
-0.0714948 -0.889639
-0.121968 -0.859979
-0.092279 -0.888288
-0.0384902 -1.03073
-0.0178064 -1.17724
-0.125 -1.35156
-0.0235069 -1.43852
-0.0536332 -1.48676
-0.117925 -1.55229
-0.169564 -1.46534
-0.378694 -1.43846
-0.299518 -1.34674
-0.411183 -1.18574
-0.274812 -1.14101
-0.326669 -0.707652
-0.352054 -0.260347
-0.31703 -0.114371
-0.254792 -0.0969784
0.461871 -0.767294
0.350598 -0.7507
0.246524 -0.75382
0.292563 -0.690791
0.225564 -0.693132
0.293642 -0.654778
0.630399 -0.51021
0.811476 -0.316297
0.702629 0.0163534
0.316071 -0.286163
0.197667 -0.235545
0.263093 -0.225209
0.157656 0.293699
0.238878 0.225735
0.337318 0.182268
0.379626 0.296182
0.450619 0.188139
0.603516 0.383345
0.659969 0.309542
0.675311 0.405211
0.711517 0.366527
0.748953 0.41714
0.761965 0.334154
0.850458 0.41389
0.851911 0.300346
0.932302 0.265249
0.73757 0.0380883
0.562916 -0.0223498
0.410273 -0.0576044
0.344906 -0.0826368
0.331746 -0.0476837
0.299173 -0.151597
0.211937 -0.000930461
0.137183 0.101642
0.00644926 0.0689741
-0.134026 -0.0689384
-0.185148 0.0159354
-0.0780656 0.120397
-0.117913 0.239501
-0.216359 0.156017
-0.124156 0.351689
-0.0489819 0.342021
-0.0807852 0.449872
0.020921 0.274185
0.104845 0.335177
0.0787519 0.18363
0.257203 0.118679
0.362617 0.0779381
0.444381 0.0009755
0.506997 0.0876267
0.530953 0.286692
0.631688 0.0834931
0.588151 0.192714
0.749499 0.197174
0.875152 0.208205
0.194377 0.444368
0.180588 0.378109
0.0604005 0.393694
0.126949 0.608318
0.0216729 0.668797
-0.0613243 0.737455
-0.136185 0.742669
-0.170214 0.508645
0.0539066 0.528433
-0.153534 0.618553
0.0317346 0.800861
0.118388 0.819846
0.132609 0.718836
0.21803 0.611036
0.208565 0.514246
-0.176224 0.109417
-0.242562 -0.182631
0.206316 -0.185785
0.118988 -0.165595
0.0404493 -0.336117
-0.0513043 -0.204274
-0.0872515 -0.387844
-0.222535 -0.310496
-0.183993 -0.50063
-0.222941 -0.681858
-0.142383 -0.58898
-0.0805561 -0.651166
-0.0740022 -0.525913
0.0554561 -0.572089
0.0231818 -0.459051
0.201845 -0.46414
0.299885 -0.38118
0.259996 -0.371132
0.393716 -0.393106
0.514367 -0.347891
0.448463 -0.280534
0.585877 -0.212171
0.703125 -0.0781252
0.586591 -0.0421701
0.675904 -0.311999
0.763129 -0.221119
0.773692 -0.0618585
0.691687 -0.0404333
0.73499 -0.436048
0.613421 -0.381451
0.511462 -0.473929
0.378295 -0.526263
0.263329 -0.596165
0.166533 -0.569467
0.142977 -0.645523
0.0151937 -0.696831
-0.133656 -0.755857
-0.0365322 -0.794296
-0.118345 -0.835878
-0.18669 -0.858255
-0.111779 -0.93287
-0.167374 -0.995967
-0.218685 -1.04468
-0.13811 -1.12922
-0.288212 -0.904561
-0.300386 -0.52222
-0.313871 -0.385045
0.0160824 -0.90935
-0.0159589 -0.947832
0.0701323 -0.832641
0.138017 -0.758957
0.180775 -0.879948
0.226145 -0.80647
0.30925 -0.799186
0.314577 -0.884885
0.377556 -0.81426
0.4379 -0.87127
0.246825 -1.01197
0.0448444 -1.11279
0.163892 -1.14589
0.111656 -0.935326
0.320992 -1.12678
0.445312 -1.15625
0.425654 -1.05534
0.390032 -0.960266
0.154469 -0.323275
0.241093 -0.12606
0.044889 -0.00762281
0.552377 -0.834373
0.0948514 -1.29545
-0.0668114 -0.94013
0.001684 -1.33125
-0.248625 -1.55586
-0.40357 -1.31907
-0.405986 -0.991387
-0.398192 -0.812529
-0.376708 -0.627499
-0.370071 -0.443325
-0.320499 -1.51326
0.309035 -0.76074
0.389032 -0.640557
0.468546 -0.59221
0.545778 -0.557017
0.843532 -0.358332
0.90198 -0.247654
0.895583 -0.110903
0.858285 -0.0239888
0.796067 0.0164194
0.502913 -0.110444
0.418492 -0.184531
0.262892 -0.338646
0.232013 -0.269883
0.211268 -0.300303
0.505882 0.346564
0.942453 0.383123
0.990122 0.307161
0.981875 0.223719
0.952406 0.168869
0.889689 0.109246
0.644333 0.00615682
0.490503 -0.0377222
-0.0701327 0.856278
-0.00667777 0.898382
0.0877157 0.906289
0.146203 0.86444
0.193677 0.808745
0.21781 0.713949
-0.180449 0.406958
-0.189329 0.32067
-0.270495 0.0079818
0.222596 -1.36463
0.560613 -1.26721
0.606611 -1.17126
0.632189 -1.08348
0.629334 -0.974379